PD XGBoost training - overall report
============================================================

Validation metrics:
  auc_roc: 0.9375930837350245
  f1: 0.6264775413711584
  precision: 0.7564224548049476
  recall: 0.5346334902488231
  n_val: 11536

Best Optuna params:
  max_depth: 3
  learning_rate: 0.01724227092127105
  n_estimators: 395
  min_child_weight: 8
  subsample: 0.8167460433642802
  colsample_bytree: 0.7196937629234912
  reg_alpha: 1.9059225488231357
  reg_lambda: 1.4077224597897677
  objective: binary:logistic
  scale_pos_weight: 6.3690744920993225
  eval_metric: auc
  random_state: 42
  tree_method: hist

Optimal threshold (max F1): 0.32000000000000006

Data: LoanStats3a -> lendingclub_engineered.parquet
Model snapshot: pd_model_local_v2.pkl (download from Save cell on Colab)
