PD XGBoost training - overall report
============================================================

Validation metrics:
  auc_roc: 0.9382193358796103
  f1: 0.6284367635506677
  precision: 0.7554296506137866
  recall: 0.5379959650302623
  n_val: 11536

Best Optuna params:
  max_depth: 3
  learning_rate: 0.019899147941534592
  n_estimators: 356
  min_child_weight: 6
  subsample: 0.7763794152201265
  colsample_bytree: 0.756935996754112
  reg_alpha: 1.450364614252386
  reg_lambda: 0.34342121365525785
  objective: binary:logistic
  scale_pos_weight: 6.3690744920993225
  eval_metric: auc
  random_state: 42
  tree_method: hist

Optimal threshold (max F1): 0.34

Data: LoanStats3a -> lendingclub_engineered.parquet
Model snapshot: pd_model_local_v2.pkl (download from Save cell on Colab)
